# Camera parameter file. 

# The format of each camera is as follows:
# Filename (of the undistorted image in visualize folder)
# Original filename
# Focal Length (of the undistorted image)
# 2-vec Principal Point (image center)
# 3-vec Translation T (as in P = K[R T])
# 3-vec Camera Position C (as in P = K[R -RC])
# 3-vec Axis Angle format of R
# 4-vec Quaternion format of R
# 3x3 Matrix format of R
# [Normalized radial distortion] = [radial distortion] * [focal length]^2
# 3-vec Lat/Lng/Alt from EXIF

# The nubmer of cameras in this reconstruction
30

00000000.jpg
/home/hanming/Desktop/Figure/f10.jpg
1528.55334473
540 960
-0.085884199905 0.70855664038 -3.12141344213
-1.15384309943 0.000678344773515 2.98685178431
0.229907028134 0.399898022682 -0.0104103642474
0.973507837602 0.113936587426 0.198180179146 -0.00515913491565
0.921398519045 0.0552048927186 0.384684663971
0.0351150596161 0.973984671871 -0.223881235782
-0.387035166655 0.219791407612 0.895486848576
-0.041811091447
0 0 0

00000001.jpg
/home/hanming/Desktop/Figure/f9.jpg
1528.80895996
540 960
1.48097863538 0.65528369674 -3.09694052043
-2.15359174759 -0.0232986934769 2.75230706211
0.221763014505 0.229428701442 -0.0120877505649
0.987282193874 0.110411050998 0.114227632194 -0.00601823188167
0.973832892961 0.03710738552 0.224220766838
0.0133406128185 0.975546949454 -0.219388491215
-0.226878862418 0.216638967412 0.949524678947
-0.0351060572805
0 0 0

00000002.jpg
/home/hanming/Desktop/Figure/f11.jpg
1535.9708252
540 960
-1.50851012531 0.681291384661 -2.68717403344
-0.144726016926 0.0231674342019 3.15264459273
0.237391350216 0.547661140612 0.014306776214
0.955768739236 0.116940439856 0.269781247788 0.00704760599688
0.854336943804 0.0496248749375 0.517345098474
0.0765684009306 0.97255172023 -0.219733449992
-0.514048833798 0.227338617078 0.82708686757
-0.0472237260275
0 0 0

00000003.jpg
/home/hanming/Desktop/Figure/f12.jpg
1539.54406738
540 960
-3.16424380203 0.6519131246 -2.01442054091
0.761972828102 -0.00492175731984 3.73023799666
0.246426535603 0.782985657273 0.0497710314599
0.916650841712 0.119770618045 0.380554293239 0.0241902000695
0.709187151187 0.0468105661102 0.703465262908
0.13550643513 0.970140181889 -0.201164256096
-0.69187638995 0.237987095276 0.681667729368
-0.0443885717008
0 0 0

00000004.jpg
/home/hanming/Desktop/Figure/f13.jpg
1543.19677734
540 960
-4.32243315018 0.478222580457 -1.50592691484
1.43993718484 0.00846554260906 4.37108583589
0.238881057537 0.901215920441 0.0872415465354
0.892379844358 0.115124236347 0.434324076148 0.0420444238071
0.619190588909 0.0249632068089 0.784845321831
0.175041592301 0.969957289229 -0.168947195409
-0.765482884066 0.241990997043 0.596219268326
-0.0473914875715
0 0 0

00000005.jpg
/home/hanming/Desktop/Figure/f14.jpg
1547.19763184
540 960
-5.68772596082 0.232630702932 -0.451414816771
2.2093925309 0.00421784477873 5.26561117962
0.223899826588 1.08433201085 0.108423962126
0.849240515007 0.106265404327 0.514636305503 0.0514592456353
0.4650034404 0.0219732952911 0.88503651216
0.196778400352 0.972118609069 -0.127523976497
-0.863163492346 0.233455570297 0.447715759848
-0.0504221603503
0 0 0

00000006.jpg
/home/hanming/Desktop/Figure/f15.jpg
1551.79162598
540 960
-6.87523343198 -0.192987007216 0.832840890316
2.60581776332 -0.0269085385609 6.41939614906
0.212777531309 1.30147418699 0.164724882174
0.787225126207 0.0987303077819 0.603893401059 0.0764335323203
0.258941645418 -0.00109570404079 0.965892907201
0.239585884468 0.968821044367 -0.0631306400994
-0.935707328257 0.247761275917 0.25113090754
-0.0598301090355
0 0 0

00000007.jpg
/home/hanming/Desktop/Figure/f8.jpg
1522.55029297
540 960
3.33217791905 0.546871078049 -2.82393766251
-3.33218433424 0.0060010009995 2.87638282784
0.187890106218 -0.000444559463499 0.00471969530437
0.995587852292 0.0938068459419 -0.000221952725153 0.00235637596477
0.999989549944 -0.00473359706864 0
0.00465032007518 0.982389894428 -0.186786915804
0.000883893747784 0.186784909322 0.982401242155
-0.0352850449369
0 0 0

00000008.jpg
/home/hanming/Desktop/Figure/f7.jpg
1519.37341309
540 960
5.0591068138 0.292854522693 -1.70678602897
-4.35949037518 0.00246566508387 3.09649007799
0.211038831589 -0.285435331982 -0.0455859371788
0.984031801298 0.10495716394 -0.141957206204 -0.0226715180604
0.958668534665 0.0148202104279 -0.284140133976
-0.0744177685927 0.976940742591 -0.200125581444
0.274621487339 0.212999166919 0.937665066609
-0.0396460475317
0 0 0

00000009.jpg
/home/hanming/Desktop/Figure/f6.jpg
1513.9329834
540 960
6.11428946321 -0.0841743623525 -0.59439422496
-5.27579729751 -0.00823469943581 3.14814726323
0.22902872604 -0.4403852953 -0.0911344254713
0.968331264318 0.113302949723 -0.217863295295 -0.0450851707809
0.901005887955 0.0379457258963 -0.432143876729
-0.136683795801 0.97025949509 -0.199784759174
0.411711483997 0.239074395052 0.879396366778
-0.0460145771702
0 0 0

00000010.jpg
/home/hanming/Desktop/Figure/f5.jpg
1511.65881348
540 960
7.18849933723 -0.397079739868 0.635621671932
-6.05182065925 -0.00182173248764 3.95115799156
0.193991115309 -0.669681440563 -0.106314794824
0.938465638256 0.0949977542729 -0.327944054709 -0.0520625222358
0.779484828606 0.035409985184 -0.625419799883
-0.160025567453 0.976529353306 -0.144157060088
0.605637106574 0.212451452299 0.766856834839
-0.0344245559878
0 0 0

00000011.jpg
/home/hanming/Desktop/Figure/f4.jpg
1513.04772949
540 960
7.86132418623 -0.536311630012 1.80601455125
-6.62110829193 -0.0304146880183 4.63785661774
0.202229379921 -0.839933810981 -0.112792475321
0.90660287593 0.0979467002052 -0.406809066065 -0.0546293064343
0.663044252089 0.0193630277 -0.748330049076
-0.178745317594 0.974844493895 -0.133150059219
0.726927027918 0.222044981156 0.649826352594
-0.0369579967179
0 0 0

00000012.jpg
/home/hanming/Desktop/Figure/f3.jpg
1506.61120605
540 960
8.354900081 -1.02654856315 3.62834587993
-7.20219321863 -0.0109089568198 5.67020576566
0.16586565745 -1.08228330834 -0.141314129123
0.851477445047 0.0787848699489 -0.514075975741 -0.0671230889869
0.462441544497 0.0333048629962 -0.886024883669
-0.195310322261 0.97857538846 -0.0651544042628
0.864871509866 0.203179754827 0.459038424735
-0.0238976289224
0 0 0

00000013.jpg
/home/hanming/Desktop/Figure/f2.jpg
1500.81420898
540 960
8.4558869915 -1.82414893134 5.29053532059
-7.70832651152 0.0298786495092 6.5878675235
0.177096830128 -1.27564754301 -0.203835739846
0.794898336912 0.0824075134754 -0.59359019591 -0.0948497862213
0.27730936535 0.0529592515595 -0.95932077976
-0.248624497736 0.968424086696 -0.0184073343009
0.928054658385 0.243615047342 0.281720012058
-0.0470623807434
0 0 0

00000014.jpg
/home/hanming/Desktop/Figure/f1.jpg
1498.13342285
540 960
8.34167800255 -1.79261728399 6.78575696124
-7.97386279713 -0.0112091138562 7.43377122739
0.138375263772 -1.43835951306 -0.186043469826
0.746198062749 0.0632287787391 -0.657239689521 -0.0850101460976
0.121618550759 0.0437560924195 -0.991612153873
-0.209981532909 0.97755112753 0.0173815992698
0.970111778457 0.20610636809 0.128076517111
-0.0324292228645
0 0 0

00000015.jpg
/home/hanming/Desktop/Figure/f0.jpg
1505.01147461
540 960
7.87021830072 -1.80716362974 7.78684800875
-8.0687806838 -0.0024357496914 7.79332171589
0.123645013158 -1.5516619669 -0.178646063123
0.708519062245 0.0556901833019 -0.698874440236 -0.0804628649982
0.0102011252215 0.0361782151912 -0.999293988034
-0.191859679425 0.980848959298 0.0335516826432
0.981369464057 0.19138190844 0.0169469617379
-0.0472953443339
0 0 0

00000016.jpg
/home/hanming/Desktop/Figure/f16.jpg
1552.12731934
540 960
-7.65387908748 -0.291887536691 1.95261326386
2.72531457163 0.0201143685246 7.4197042271
0.22664479487 1.46501953076 0.161666066627
0.734668692291 0.103110244702 0.666498969881 0.0735486896997
0.100739236544 0.0293780037823 0.994479271996
0.245513682508 0.967917843585 -0.0534635241309
-0.964144434467 0.249543950416 0.0902952696039
-0.0541134782034
0 0 0

00000017.jpg
/home/hanming/Desktop/Figure/f29.jpg
1523.13574219
540 960
7.48443983987 -2.34959313998 9.5372082674
-8.60554427635 2.22044604925e-16 8.85664632845
0.163786226726 -1.70948297332 -0.208383025769
0.648675378615 0.0720570382446 -0.752079600643 -0.09167720606
-0.148055591236 0.0105523202701 -0.988922720949
-0.227322665135 0.972805776278 0.0444138633919
0.962499357833 0.231380369653 -0.141631197758
-0.0561599295162
0 0 0

00000018.jpg
/home/hanming/Desktop/Figure/f17.jpg
1561.2088623
540 960
-8.13413846024 -0.994676557997 3.72621760387
2.6920553747 0 8.59017576984
0.177202457265 1.69935134447 0.215538394582
0.651638731906 0.0780516479818 0.748506397616 0.0949373228802
-0.13854996737 -0.00688526890007 0.99033161515
0.240574077869 0.969789887654 0.0403993850598
-0.960691423912 0.243845292716 -0.132707772604
-0.0625354483222
0 0 0

00000019.jpg
/home/hanming/Desktop/Figure/f28.jpg
1517.86486816
540 960
5.86145967306 -3.07122837574 11.100049863
-8.12336802402 0.023379725391 10.0504015724
0.133205384556 -1.97460657292 -0.270301381272
0.541367199262 0.0560696151206 -0.831163326668 -0.113776890213
-0.407555471057 0.0299838157955 -0.912688284344
-0.216396489786 0.967822204825 0.12842597616
0.887169964807 0.249842978166 -0.387952956022
-0.0446671802784
0 0 0

00000020.jpg
/home/hanming/Desktop/Figure/f27.jpg
1531.67419434
540 960
4.79711377795 -3.49182975974 12.0573838426
-7.39151488713 0.037953087222 11.2227361038
0.119199674039 -2.17424646813 -0.309290731441
0.453877897779 0.0482932116541 -0.88088617457 -0.125307748336
-0.583325445513 0.028667158154 -0.811732577103
-0.198830511406 0.963931565946 0.176925384105
0.787526483283 0.264602269635 -0.556585536063
-0.0597901539136
0 0 0

00000021.jpg
/home/hanming/Desktop/Figure/f18.jpg
1559.83508301
540 960
-8.22419517803 -1.19874394798 5.41193552662
2.52202361335 0.00848511969991 9.59180301452
0.183571269946 1.89792349225 0.220329979409
0.573738082711 0.0783300578767 0.809845990806 0.0940150386502
-0.329378229319 0.0189903703716 0.944007471883
0.234750402456 0.970051442519 0.0623935756638
-0.914550472345 0.242157324563 -0.323971662987
-0.0655240715882
0 0 0

00000022.jpg
/home/hanming/Desktop/Figure/f19.jpg
1545.17687988
540 960
-8.14488730462 -1.80040168283 6.87832475036
1.63311032281 0.0255817256147 10.6875735825
0.181067084018 2.123391361 0.281665322305
0.475894950029 0.0740819975971 0.868766814002 0.11524087795
-0.536071883047 0.0190348085306 0.843958155493
0.238405015945 0.962462958384 0.129724349149
-0.809808802653 0.270745343327 -0.520487061484
-0.073314421921
0 0 0

00000023.jpg
/home/hanming/Desktop/Figure/f26.jpg
1528.97351074
540 960
2.53809683468 -3.55215615949 12.9752979689
-6.40698107845 0.0183698894099 12.0982818078
0.0810445038244 -2.44685862863 -0.332346583884
0.329211043064 0.0309742690611 -0.935160978736 -0.127019008384
-0.781321411805 0.0257002041232 -0.623599331382
-0.141564036833 0.965813531609 0.217172670309
0.607861953585 0.257960956012 -0.750972476304
-0.0603620602643
0 0 0

00000024.jpg
/home/hanming/Desktop/Figure/f25.jpg
1528.62121582
540 960
0.807450473926 -3.75754327914 13.2492980795
-5.29962620934 -2.22044604925e-16 12.7369127267
0.0558790998118 -2.66319569863 -0.375431850272
0.223830504862 0.0202450476034 -0.964878172299 -0.13601929355
-0.898979999323 0.0218224400621 -0.43744575782
-0.0999586285229 0.962177656189 0.253420901975
0.426430915923 0.271546738879 -0.862797277239
-0.065857573013
0 0 0

00000025.jpg
/home/hanming/Desktop/Figure/f20.jpg
1542.11315918
540 960
-7.86097223739 -2.26340259663 8.36818130272
0.601346505004 0.0176396363957 11.6868502031
0.155778534017 2.33723025992 0.318112795474
0.379112530854 0.0609791548936 0.914903500286 0.12452453447
-0.705110519052 0.0171622776188 0.70888948719
0.205997523284 0.961550376576 0.181619963468
-0.678516038733 0.274091810433 -0.681534613322
-0.0629758295119
0 0 0

00000026.jpg
/home/hanming/Desktop/Figure/f21.jpg
1534.43054199
540 960
-6.63961985906 -2.8512261485 10.1925461725
-0.502184032371 0.010684611784 12.4839814305
0.134633861465 2.60128251071 0.368247790772
0.252693563625 0.0495176834591 0.956739133464 0.135439757425
-0.867387922571 0.0263014633825 0.496936855287
0.163200483223 0.958408049187 0.234135449783
-0.470110429092 0.284186649366 -0.835603978226
-0.0580627523467
0 0 0

00000027.jpg
/home/hanming/Desktop/Figure/f24.jpg
1530.76208496
540 960
-1.47408720214 -3.51286132933 13.213743171
-4.04443943375 -0.0141036712137 13.1437619137
0.00397505004685 -2.92327489529 -0.390338494345
0.0960359475339 0.00134159916457 -0.986619818899 -0.131741183568
-0.981550754811 0.0226558910473 -0.189855527054
-0.0279516665255 0.965285001154 0.259699360935
0.189148349601 0.260214727923 -0.946842633468
-0.0656048271055
0 0 0

00000028.jpg
/home/hanming/Desktop/Figure/f22.jpg
1525.75036621
540 960
-5.00972304779 -3.1193879293 11.5109729556
-1.64376220806 -0.00328819388151 12.8307632708
0.10498649798 2.84963272751 0.394261227836
0.131073890523 0.0361556111717 0.981366317195 0.135777037314
-0.963024825982 0.0353697551944 0.267081191018
0.106557053292 0.960514565691 0.257015165429
-0.247444813873 0.275971391911 -0.928768280601
-0.0494865469365
0 0 0

00000029.jpg
/home/hanming/Desktop/Figure/f23.jpg
1523.3527832
540 960
-3.53803651303 -3.5111336133 12.4529675972
-2.71143763386 -0.00275925744839 13.1366001271
0.030101784992 3.05044442163 0.426229363004
0.0306364685286 0.00976773563881 0.989839462985 0.138307271161
-0.997931965792 0.0108637202869 0.0633524802995
0.0278127057278 0.96154911761 0.273221317323
-0.0579482619249 0.274418313025 -0.959862779003
-0.059590890246
0 0 0

